      0/99        0G    0.1212   0.09865         0    0.2198        12       224         0         0   0.06537   0.01543   0.07539   0.06196         0
      1/99        0G    0.1216    0.1111         0    0.2327         8       224         0         0   0.05249  0.007736   0.06853   0.07091         0
      2/99        0G    0.1125    0.1182         0    0.2307         8       224   0.07642      0.05   0.08886   0.02131   0.06241   0.07276         0
      3/99        0G    0.1086    0.1241         0    0.2326        12       224    0.2447      0.65    0.2342   0.05857   0.05846   0.06912         0
      4/99        0G   0.09597    0.1415         0    0.2375         9       224    0.1175      0.95    0.4606    0.1085   0.05491   0.06571         0
      5/99        0G   0.08575    0.1196         0    0.2053        11       224   0.08202         1    0.4448    0.1286    0.0536   0.06084         0
      6/99        0G   0.08523    0.1219         0    0.2071        14       224   0.07307         1    0.5984    0.2102     0.049    0.0546         0
      7/99        0G   0.07689    0.1182         0    0.1951         8       224   0.07664         1    0.6558    0.2216   0.04073   0.05612         0
      8/99        0G    0.0688    0.1145         0    0.1833         8       224    0.1035         1    0.6933    0.3022   0.03871   0.05022         0
      9/99        0G   0.06656    0.1013         0    0.1679        11       224    0.1509         1    0.7683     0.364   0.03738   0.04243         0
     10/99        0G   0.06359    0.1029         0    0.1665         9       224     0.188         1    0.7842    0.3999   0.03735   0.04003         0
     11/99        0G   0.06395   0.09278         0    0.1567        12       224    0.1851         1    0.7363    0.3244   0.03658   0.03865         0
     12/99        0G   0.05882   0.08737         0    0.1462        11       224    0.1806         1    0.7454    0.3667   0.03562   0.03606         0
     13/99        0G    0.0611   0.09131         0    0.1524        10       224    0.1566         1    0.7255    0.3912   0.04193   0.03519         0
     14/99        0G   0.06111   0.08906         0    0.1502         8       224    0.2356         1    0.8592    0.4263   0.03528   0.03643         0
     15/99        0G   0.06427   0.09228         0    0.1566        14       224    0.2314         1    0.9304    0.5884   0.03721   0.03473         0
     16/99        0G    0.0631   0.08921         0    0.1523         7       224    0.3092         1    0.8058    0.3883   0.03297   0.03275         0
     17/99        0G   0.05856   0.08876         0    0.1473        10       224    0.1805         1    0.4576    0.2792   0.04092   0.03171         0
     18/99        0G   0.06056   0.09923         0    0.1598         6       224    0.1223         1    0.4137     0.265   0.05266   0.03537         0
     19/99        0G     0.063   0.08234         0    0.1453         8       224    0.2675         1    0.8787    0.4556   0.03639   0.03186         0
     20/99        0G   0.06216   0.08124         0    0.1434        10       224    0.1837         1    0.5224    0.1684   0.03911   0.03311         0
     21/99        0G   0.06386   0.09555         0    0.1594        12       224     0.227         1    0.7302    0.2966   0.03944   0.03336         0
     22/99        0G   0.06363   0.08624         0    0.1499        11       224    0.1803         1    0.8348    0.5245   0.03979   0.03211         0
     23/99        0G   0.05909   0.09378         0    0.1529         7       224    0.1903         1    0.6249    0.2328    0.0437   0.03384         0
     24/99        0G   0.06685   0.08659         0    0.1534         6       224    0.3332         1    0.9566    0.5434   0.03188   0.03648         0
     25/99        0G   0.05868   0.09883         0    0.1575         8       224    0.1974         1    0.9506     0.428   0.04455    0.0329         0
     26/99        0G   0.05957   0.09787         0    0.1574        10       224    0.2122         1    0.4353     0.201   0.03803   0.03685         0
     27/99        0G   0.06169   0.09171         0    0.1534         8       224    0.2121         1    0.8975     0.504   0.03902   0.03481         0
     28/99        0G   0.05759   0.08694         0    0.1445         5       224    0.2406         1    0.8719    0.4479   0.03752   0.03673         0
     29/99        0G   0.06401   0.08809         0    0.1521        10       224    0.2584         1    0.8697    0.5229   0.03524   0.03706         0
     30/99        0G   0.05307   0.09312         0    0.1462         8       224    0.3875         1    0.9951    0.6148   0.03171   0.03135         0
     31/99        0G   0.05764   0.08319         0    0.1408        11       224    0.2702         1     0.896    0.6015   0.03238   0.03451         0
     32/99        0G   0.05603   0.07311         0    0.1291         8       224    0.2283         1    0.9381    0.5987   0.03881    0.0324         0
     33/99        0G   0.06562   0.08547         0    0.1511         8       224    0.2291         1    0.8556    0.4305   0.03857   0.03235         0
     34/99        0G   0.05955   0.09833         0    0.1579         6       224    0.2783         1    0.9537    0.5594   0.03266   0.03194         0
     35/99        0G   0.06037   0.07942         0    0.1398         4       224    0.3036         1    0.9177    0.6243   0.03356   0.03248         0
     36/99        0G   0.06359   0.09152         0    0.1551        12       224    0.2719         1    0.9927    0.7359   0.02882   0.03276         0
     37/99        0G   0.05964   0.08311         0    0.1427         7       224    0.4435         1    0.9689    0.5729   0.02554   0.03192         0
     38/99        0G   0.05584   0.08513         0     0.141        11       224     0.335         1    0.7992    0.3001   0.02757   0.03146         0
     39/99        0G   0.06075   0.07963         0    0.1404        10       224    0.3403         1    0.7964    0.2904   0.03762   0.03347         0
     40/99        0G   0.06373   0.08787         0    0.1516         8       224    0.2881         1    0.9011    0.5977   0.03585   0.03212         0
     41/99        0G   0.06145   0.08528         0    0.1467         8       224    0.2678         1    0.9314    0.4809    0.0343   0.03368         0
     42/99        0G   0.06641    0.1033         0    0.1697         9       224    0.4823         1    0.9706     0.611   0.02563   0.03404         0
     43/99        0G   0.05171   0.08997         0    0.1417         9       224    0.4264         1    0.9879    0.6781   0.02193   0.03326         0
     44/99        0G   0.04726   0.09455         0    0.1418         5       224     0.481         1    0.9625    0.6554     0.025   0.03311         0
     45/99        0G   0.05259     0.093         0    0.1456        10       224    0.2284         1    0.8323    0.5944   0.04239   0.04321         0
     46/99        0G   0.06584   0.09882         0    0.1647        11       224     0.247         1    0.9039    0.5973   0.03352   0.03417         0
     47/99        0G   0.05262   0.07677         0    0.1294         9       224    0.3463         1    0.9697    0.5817   0.02773   0.03404         0
     48/99        0G   0.05477   0.09261         0    0.1474         8       224    0.4035         1    0.9223    0.5294   0.02549   0.03611         0
     49/99        0G   0.05513   0.09139         0    0.1465         7       224    0.3849         1    0.7639    0.4315   0.02553   0.03401         0
     50/99        0G   0.05357   0.08216         0    0.1357         7       224    0.4561         1    0.8103    0.5486   0.02385   0.03148         0
     51/99        0G   0.05236   0.08368         0     0.136        11       224    0.4547         1    0.9951    0.7228   0.02391    0.0314         0
     52/99        0G   0.05101   0.08324         0    0.1343        13       224    0.3711         1    0.9323    0.6014   0.02399   0.03527         0
     53/99        0G   0.04985   0.08627         0    0.1361        12       224     0.283         1    0.9927    0.6217   0.02754   0.03113         0
     54/99        0G   0.04943   0.07804         0    0.1275         9       224    0.3722         1    0.9906    0.7731   0.02179     0.027         0
     55/99        0G   0.04709   0.08639         0    0.1335         9       224    0.5568         1    0.9927     0.794   0.01901   0.02736         0
     56/99        0G   0.04535   0.08746         0    0.1328        14       224    0.4955         1    0.9928    0.6894   0.02298   0.03998         0
     57/99        0G    0.0499   0.09706         0     0.147         9       224    0.4984         1    0.9857    0.6661   0.02262   0.02853         0
     58/99        0G   0.04541    0.0946         0      0.14        13       224    0.7345         1    0.9906    0.8362   0.01921   0.02774         0
     59/99        0G   0.04361   0.09042         0     0.134        11       224    0.7704         1    0.9928    0.8273   0.01808   0.02837         0
     60/99        0G    0.0457   0.08859         0    0.1343         9       224    0.7125         1    0.9833    0.7509   0.02186   0.03119         0
     61/99        0G   0.04709    0.0874         0    0.1345        13       224    0.6677         1    0.9953    0.7045   0.01567   0.03016         0
     62/99        0G   0.04312   0.08879         0    0.1319        12       224    0.5553         1    0.9952    0.8096   0.01796   0.02965         0
     63/99        0G   0.04252   0.08326         0    0.1258         7       224    0.5974         1    0.9928    0.8319   0.01866   0.02991         0
     64/99        0G   0.04178   0.08176         0    0.1235         8       224    0.7657         1    0.9929    0.6767   0.02004   0.03293         0
     65/99        0G   0.04387    0.0799         0    0.1238         7       224    0.8709         1    0.9953    0.8023   0.01698   0.02719         0
     66/99        0G   0.04301   0.08246         0    0.1255         9       224    0.8851         1    0.9953    0.8358   0.01289   0.02531         0
     67/99        0G    0.0379   0.07099         0    0.1089         7       224    0.8504         1    0.9953    0.8153   0.01229    0.0248         0
     68/99        0G    0.0427   0.07918         0    0.1219        10       224    0.9294         1    0.9953    0.7668   0.01726   0.02543         0
     69/99        0G   0.04286    0.0846         0    0.1275        10       224    0.8477         1    0.9952    0.7449    0.0148   0.02561         0
     70/99        0G    0.0416   0.07595         0    0.1176         9       224    0.8865         1    0.9952    0.7739   0.01403   0.02617         0
     71/99        0G   0.03608   0.07597         0    0.1121         8       224    0.9144         1    0.9952    0.8491   0.01285   0.02479         0
     72/99        0G   0.03921    0.0793         0    0.1185         8       224    0.9403         1    0.9952    0.8112   0.01408     0.026         0
     73/99        0G   0.03982   0.07201         0    0.1118         9       224    0.9547         1    0.9952    0.7217   0.01536   0.02547         0
     74/99        0G   0.03638   0.07507         0    0.1114         5       224    0.9553         1    0.9953    0.8836   0.01255   0.02304         0
     75/99        0G   0.03847   0.07041         0    0.1089        10       224    0.9531         1    0.9953    0.8737   0.01146   0.02297         0
     76/99        0G   0.03427   0.07904         0    0.1133         7       224    0.9571         1    0.9953    0.8105   0.01466   0.02349         0
     77/99        0G    0.0373   0.08301         0    0.1203        10       224     0.955         1    0.9953    0.8766   0.01205   0.02317         0
     78/99        0G   0.03578   0.07596         0    0.1117         7       224    0.9569         1    0.9954     0.895   0.01135   0.02185         0
     79/99        0G   0.03233   0.07358         0    0.1059         9       224    0.9571         1    0.9954    0.8398   0.01217   0.02278         0
     80/99        0G   0.03493   0.08849         0    0.1234        10       224    0.9571         1    0.9955    0.8596   0.01368   0.02567         0
     81/99        0G    0.0348   0.07812         0    0.1129        12       224    0.9571         1    0.9953    0.8609    0.0121   0.02274         0
     82/99        0G   0.02865   0.06934         0   0.09799        13       224    0.9571         1    0.9953    0.8821   0.01098   0.02301         0
     83/99        0G   0.03057   0.07619         0    0.1068         7       224    0.9572         1    0.9953     0.854   0.01174   0.02479         0
     84/99        0G   0.03182   0.07144         0    0.1033        11       224    0.9571         1    0.9953    0.8157   0.01108   0.02387         0
     85/99        0G   0.03043   0.06902         0   0.09946         7       224     0.957         1    0.9953    0.8664   0.01083    0.0237         0
     86/99        0G   0.02926   0.06168         0   0.09094         9       224    0.9568         1    0.9953    0.8484   0.01007   0.02199         0
     87/99        0G   0.02948   0.07058         0    0.1001         9       224    0.9569         1    0.9953    0.8298   0.01006   0.02149         0
     88/99        0G   0.02863   0.06252         0   0.09115         5       224    0.9424         1    0.9953    0.8722   0.01027   0.02209         0
     89/99        0G   0.02783   0.06639         0   0.09422         5       224    0.9563         1    0.9953    0.8989  0.009888   0.02199         0
     90/99        0G   0.02717   0.06996         0   0.09713         7       224    0.9571         1    0.9953    0.8605   0.01042   0.02309         0
     91/99        0G   0.02817   0.06953         0    0.0977         9       224    0.9564         1    0.9954    0.8842    0.0102   0.02419         0
     92/99        0G   0.02771   0.06792         0   0.09563        12       224    0.9573         1    0.9954     0.895   0.01103   0.02414         0
     93/99        0G   0.02882   0.08031         0    0.1091         5       224    0.9572         1    0.9954    0.8943  0.009888   0.02309         0
     94/99        0G   0.02687   0.07413         0     0.101         5       224    0.9569         1    0.9955    0.8879  0.008908   0.02243         0
     95/99        0G   0.02328   0.05988         0   0.08315         9       224     0.957         1    0.9956    0.8811  0.009178   0.02288         0
     96/99        0G   0.02589    0.0729         0   0.09879         8       224    0.9572         1    0.9957     0.878   0.01222   0.02603         0
     97/99        0G    0.0278   0.06753         0   0.09533        10       224    0.9572         1    0.9956    0.8841   0.00917   0.02488         0
     98/99        0G   0.02493   0.07248         0   0.09741        14       224    0.9572         1    0.9957    0.8816  0.009559   0.02494         0
     99/99        0G   0.02855   0.06688         0   0.09542         8       224    0.9573         1    0.9956    0.8971  0.009361   0.02499         0
