,0,1,2,3
1.jpg,22,16,191,224
10.jpg,0,33,74,167
100.jpg,44,28,167,175
11.jpg,0,30,103,157
12.jpg,0,26,117,190
13.jpg,8,52,150,176
14.jpg,1,9,145,194
15.jpg,24,66,224,161
16.jpg,0,58,106,164
17.jpg,51,40,172,161
18.jpg,42,49,146,161
19.jpg,34,88,147,190
2.jpg,0,30,160,173
20.jpg,30,22,197,219
21.jpg,0,22,113,175
22.jpg,82,38,214,170
23.jpg,2,36,112,189
24.jpg,86,47,202,213
25.jpg,1,32,137,187
26.jpg,2,36,149,195
27.jpg,1,12,142,206
28.jpg,57,34,202,180
29.jpg,6,34,126,184
3.jpg,1,18,177,198
30.jpg,34,44,191,199
31.jpg,1,64,146,182
32.jpg,46,38,224,160
33.jpg,66,56,214,190
34.jpg,72,48,209,166
35.jpg,0,7,151,156
36.jpg,4,46,174,185
37.jpg,0,23,132,168
38.jpg,54,32,186,184
39.jpg,46,34,218,193
4.jpg,14,21,178,151
40.jpg,11,6,185,187
41.jpg,0,10,146,168
42.jpg,1,43,158,181
43.jpg,0,0,165,161
44.jpg,52,49,198,175
45.jpg,26,38,154,202
46.jpg,75,31,217,200
47.jpg,68,55,209,186
48.jpg,0,4,124,182
49.jpg,0,12,121,182
5.jpg,0,1,164,142
50.jpg,26,2,224,191
51.jpg,2,0,143,197
52.jpg,0,51,125,180
53.jpg,40,40,172,186
54.jpg,0,40,144,190
55.jpg,14,46,150,191
56.jpg,23,32,152,179
57.jpg,1,31,136,199
58.jpg,20,36,184,193
59.jpg,19,21,197,182
6.jpg,2,58,130,207
60.jpg,0,24,186,178
61.jpg,0,12,93,177
62.jpg,0,34,91,201
63.jpg,1,20,131,180
64.jpg,48,4,212,176
65.jpg,68,14,210,177
66.jpg,11,23,137,176
67.jpg,30,56,165,180
68.jpg,39,30,214,174
69.jpg,5,48,181,203
7.jpg,19,28,145,202
70.jpg,0,59,83,163
71.jpg,40,90,201,189
72.jpg,17,64,141,181
73.jpg,1,14,85,157
74.jpg,1,22,101,151
75.jpg,4,30,149,163
76.jpg,46,0,192,196
77.jpg,104,65,224,197
78.jpg,1,41,151,191
79.jpg,0,30,131,193
8.jpg,24,24,170,152
80.jpg,14,54,172,166
81.jpg,0,18,151,224
82.jpg,1,7,151,194
83.jpg,56,46,218,179
84.jpg,27,1,194,147
85.jpg,0,60,130,175
86.jpg,1,6,150,134
87.jpg,17,50,154,186
88.jpg,14,20,149,177
89.jpg,6,1,147,165
9.jpg,0,6,144,148
90.jpg,50,50,202,196
91.jpg,2,56,157,174
92.jpg,8,39,154,195
93.jpg,1,0,168,224
94.jpg,48,1,224,186
95.jpg,77,42,224,167
96.jpg,38,36,204,179
97.jpg,71,30,182,166
98.jpg,1,22,120,175
99.jpg,0,62,133,164
