       0/9        0G    0.1212   0.09865         0    0.2198        12       224         0         0   0.06537   0.01543   0.07539   0.06196         0
       1/9        0G    0.1216    0.1111         0    0.2327         8       224         0         0   0.05326  0.008126   0.06859   0.07081         0
       2/9        0G    0.1128     0.118         0    0.2308         8       224   0.06785      0.05   0.08897   0.01949   0.06275   0.07272         0
       3/9        0G    0.1096    0.1232         0    0.2328        12       224    0.1865       0.4    0.1774   0.05693   0.05928   0.07042         0
       4/9        0G   0.09801    0.1418         0    0.2398         9       224    0.1476      0.85    0.3153   0.07788   0.05639   0.06744         0
       5/9        0G   0.08958    0.1227         0    0.2123        11       224    0.1177         1     0.395    0.1469   0.05418   0.06473         0
       6/9        0G   0.09008     0.129         0    0.2191        14       224   0.09447         1    0.4888    0.1649    0.0534   0.05749         0
       7/9        0G   0.08475    0.1254         0    0.2102         8       224   0.07881         1    0.4597    0.1681   0.04778   0.06102         0
       8/9        0G    0.0805    0.1249         0    0.2054         8       224   0.08688         1    0.4315    0.1386   0.04838   0.05571         0
       9/9        0G   0.07732    0.1093         0    0.1866        11       224   0.08921         1    0.4868    0.1947   0.04502   0.05529         0
