      0/49        0G    0.1212   0.09865         0    0.2198        12       224         0         0   0.06537   0.01543   0.07539   0.06196         0
      1/49        0G    0.1216    0.1111         0    0.2327         8       224         0         0   0.05433   0.00826   0.06856    0.0708         0
      2/49        0G    0.1126    0.1181         0    0.2307         8       224   0.09499       0.1   0.07787   0.02535   0.06207   0.07364         0
      3/49        0G    0.1086     0.124         0    0.2326        12       224    0.2225       0.5    0.2097   0.03521   0.05924   0.07127         0
      4/49        0G   0.09614    0.1416         0    0.2378         9       224    0.1207         1      0.33   0.08218   0.05537   0.06357         0
      5/49        0G   0.08602    0.1195         0    0.2055        11       224   0.07955         1       0.4   0.09752   0.05137   0.06053         0
      6/49        0G   0.08455     0.123         0    0.2075        14       224   0.06414         1    0.3089   0.06572   0.04773   0.06235         0
      7/49        0G   0.07568    0.1184         0    0.1941         8       224   0.06921         1    0.5326    0.1377   0.04295   0.05807         0
      8/49        0G   0.06894    0.1157         0    0.1846         8       224   0.08633         1    0.7201    0.2487   0.04071   0.05166         0
      9/49        0G   0.06535    0.1019         0    0.1673        11       224    0.1738         1    0.7999     0.435   0.03973   0.04195         0
     10/49        0G   0.06441    0.1027         0    0.1671         9       224    0.1768         1    0.7675    0.3911   0.03558   0.03837         0
     11/49        0G   0.06146   0.09214         0    0.1536        12       224    0.2008         1    0.7934    0.3072   0.03663   0.03732         0
     12/49        0G   0.05869   0.08871         0    0.1474        11       224     0.205         1    0.5961    0.2031   0.03399   0.03863         0
     13/49        0G   0.06115   0.09123         0    0.1524        10       224    0.2044         1    0.7912    0.4473   0.03456   0.03636         0
     14/49        0G   0.06134   0.09001         0    0.1514         8       224    0.2315         1    0.7832    0.3764   0.03813   0.03611         0
     15/49        0G   0.06347   0.09363         0    0.1571        14       224    0.1843         1    0.7907    0.3301     0.041   0.03412         0
     16/49        0G    0.0606   0.09113         0    0.1517         7       224    0.2274         1    0.8644    0.3476   0.03722   0.03373         0
     17/49        0G   0.05751   0.08742         0    0.1449        10       224    0.2285         1    0.8587    0.3625   0.03885   0.03377         0
     18/49        0G   0.05968    0.1015         0    0.1612         6       224    0.2122         1    0.6859    0.2559   0.03688   0.03363         0
     19/49        0G   0.06183   0.08254         0    0.1444         8       224    0.2486         1    0.7972    0.3099   0.03692   0.03312         0
     20/49        0G    0.0574   0.08161         0     0.139        10       224    0.1716         1    0.5734    0.2682    0.0429   0.03341         0
     21/49        0G   0.05744   0.09754         0     0.155        12       224    0.2073         1    0.8445    0.4148   0.03923   0.03401         0
     22/49        0G   0.05783   0.08686         0    0.1447        11       224      0.23         1    0.9018    0.2287   0.03722   0.03393         0
     23/49        0G   0.05959   0.09321         0    0.1528         7       224    0.2269         1    0.7506    0.3416   0.03607   0.03257         0
     24/49        0G   0.06182   0.08513         0     0.147         6       224    0.1897         1    0.9231    0.5513   0.03714   0.03267         0
     25/49        0G   0.05342   0.09791         0    0.1513         8       224    0.2679         1    0.7618    0.5441   0.03627   0.03307         0
     26/49        0G   0.05207    0.0957         0    0.1478        10       224    0.2732         1    0.8623    0.5363   0.03206   0.03152         0
     27/49        0G   0.05934   0.09125         0    0.1506         8       224    0.2869         1    0.8566    0.5233   0.03272    0.0328         0
     28/49        0G   0.05418   0.08689         0    0.1411         5       224    0.2287         1    0.7546     0.301   0.04067   0.03275         0
     29/49        0G   0.06025   0.09072         0     0.151        10       224    0.2377         1    0.9336    0.5982   0.03609   0.03157         0
     30/49        0G   0.05137   0.09183         0    0.1432         8       224    0.2825         1    0.9202    0.4977   0.02846   0.03302         0
     31/49        0G   0.04899   0.08366         0    0.1327        11       224    0.2501         1    0.9166    0.5552   0.03419   0.03178         0
     32/49        0G   0.04558   0.07424         0    0.1198         8       224    0.4032         1     0.971    0.4335   0.02807   0.03109         0
     33/49        0G   0.05159   0.08711         0    0.1387         8       224    0.2606         1     0.902    0.5468   0.03175   0.03061         0
     34/49        0G   0.04986   0.09146         0    0.1413         6       224    0.3882         1    0.9071    0.6335    0.0288   0.02988         0
     35/49        0G   0.05063   0.07905         0    0.1297         4       224    0.3638         1    0.9261    0.3918   0.02544   0.02965         0
     36/49        0G   0.05619   0.08935         0    0.1455        12       224    0.3256         1    0.9927    0.6501   0.02838   0.02867         0
     37/49        0G   0.05698   0.08442         0    0.1414         7       224    0.3159         1    0.7963    0.4042   0.03062    0.0296         0
     38/49        0G   0.04212   0.08321         0    0.1253        11       224    0.4277         1    0.8383    0.6362    0.0234   0.02793         0
     39/49        0G   0.04761   0.08072         0    0.1283        10       224    0.3193         1    0.7999    0.2414   0.03038    0.0301         0
     40/49        0G   0.04635   0.08914         0    0.1355         8       224     0.386         1    0.9544    0.6403   0.02357    0.0294         0
     41/49        0G    0.0518   0.08447         0    0.1363         8       224    0.4415         1    0.9187    0.4331   0.03224   0.03088         0
     42/49        0G   0.05663    0.0955         0    0.1521         9       224    0.4066         1    0.9903    0.5601   0.03139   0.03158         0
     43/49        0G   0.04486   0.08367         0    0.1285         9       224    0.4553         1    0.9838    0.7226   0.02627    0.0313         0
     44/49        0G   0.03981   0.09113         0    0.1309         5       224    0.5288         1    0.9678    0.6469   0.02216   0.03085         0
     45/49        0G   0.04398   0.09002         0     0.134        10       224    0.3709         1    0.9835    0.7455   0.02621   0.03026         0
     46/49        0G   0.04384   0.08914         0     0.133        11       224    0.6464         1    0.9927    0.7302   0.01953   0.02725         0
     47/49        0G   0.03492   0.07339         0    0.1083         9       224    0.8135         1    0.9951    0.7754    0.0173   0.02703         0
     48/49        0G   0.04228   0.08805         0    0.1303         8       224    0.3258         1    0.9286    0.5475   0.03094    0.0346         0
     49/49        0G   0.04723   0.08919         0    0.1364         7       224    0.5494         1    0.9927    0.8051   0.01891   0.02853         0
